Numer iteracji: 30
Liczba wywołań funkcji celu: 1220
Populacja: 
0,1        1,6623608167857427 2,491909436778335 -43,10424097580371 255,24969656134715 -15,183435005083302 50         92729,99698970877
0,8308456139950128 1,567937694172738 2,4025017053559696 -41,91722109495897 251,42123199677258 -14,224545124460695 182,8745168982647 109327,8425736406
0,8783365063970434 1,548736003557754 2,325644661936047 -41,80047477449032 251,57670572047286 -15,139547388300777 207,88980838578934 109332,9910144662
0,8763085570224535 1,5518995007910996 2,3304370683270843 -41,862807689210555 251,88048808333988 -15,155175373698173 207,72249427625778 110165,23072323274
0,7180458405234716 1,5768951622112335 2,379330703832036 -42,50070379764143 255,34928633855907 -15,182279435062549 227,5715063610572 114870,4770813847
0,7326413976305259 1,5789798304135194 2,382292105878743 -42,66496953399339 256,6855448674682 -15,27354167087094 229,69091377081244 114950,9848657993
0,8209694220639275 1,5745544269399205 2,364754884377605 -42,05080819622364 251,68521107048363 -15,104277020179195 199,3469350508814 115422,37636417254
0,700928383559041 1,558680275097572 2,2885584876392517 -43,18464294686333 270,0786819373016 -16,70043311904961 105,7894491711645 119506,10509043404
0,7474006520987552 1,5390358394544303 2,256922589102818 -43,45772758675779 274,31813361085227 -17,050707322868668 106,67213296736033 127660,07782013997
0,7284509567775331 1,562483376327844 2,358671942116703 -41,948416260305756 251,6540878128371 -14,92081716566142 230,13391706529782 129117,80041301186
0,7477240855520972 1,5369550811887327 2,2538032857924 -43,4066872858101 274,0259222128871 -17,033529346751255 106,68563333824413 129274,43440902709
0,9        1,5708475612886266 2,4068160499986826 -42,39033301559667 255,5502530063863 -14,501837097312919 195,53093066789572 130191,42706345466
0,1        1,6608223450278132 2,541611087243403 -45,94769367846228 280,1017722029768 -16,108256843172263 197,39080988562 131864,58408484855
0,8431126053513951 1,5260413039349823 2,2603417135795536 -45,52889727798087 291,5179216811022 -18,101229258689212 50         132408,4273038317
0,7430045614945056 1,5339213185316714 2,2492558357863675 -43,3053365440197 273,3453625192583 -16,99166719116628 105,74819183155337 133025,85285343617
0,11563061989713042 1,6692396400752278 2,552562468625958 -45,625362887008976 276,9753080412862 -15,861093196039853 207,60252505582972 135050,06793352537
0,830458122693473 1,5130705545344456 2,217417188764161 -43,386118065305475 275,86679699422285 -17,202639289139974 119,2805744125563 136603,415655631
0,8866234387850892 1,5652387786630997 2,350656268359995 -42,44314197462405 255,8643502587692 -15,425173385364173 207,93534237145272 137119,1070734505
0,8674382724177282 1,5836198996133606 2,4261182286825647 -42,518859871487095 255,63397207367743 -14,488437264052436 190,02735516945333 140110,1644422195
0,49729549370132703 1,6475309189033482 2,484321881189322 -43,13253561187709 255,08785992921756 -15,089170716102839 186,87296330204146 141501,64570636468
