Numer iteracji: 1
Liczba wywołań funkcji celu: 60
Populacja: 
0,18070523480638598 1,1301654171652267 1,4979012333879447 -46,842178105311014 333,4861859591515 -24,29556724607175 245,69643249050074 253323,25937750968
0,191151238894091 1,1863943812054603 1,6250885070263732 -48,95922350834479 345,3430231889115 -24,920809821803758 247,605587481604 259007,3409920898
0,9        1,1784362143758755 2,059224956591465 -46,43007980911422 279,61938607232486 -16,590642973824202 196,90842375496806 351889,59025901655
0,3790661803824105 1,4002014735118187 3,314749246544072 -69,35547502145926 348,9611084938855 -17,10892765022752 98,1058931831081 428461,59116521815
0,1        1,1        1          -40,88490783032168 385,8961224510084 -23,90738391161234 236,70639353480453 483808,4300696949
0,5233945576336858 1,2515033967881941 1,555807392078004 -54,45947773238981 441,259351965412 -10        50         531571,8033009331
0,20552011475188892 1,5202061375341194 3,7184916895028226 -67,4406577141982 283,67496369225364 -19,225039367058585 66,98139156241547 600770,0731034443
0,18793350844990117 1,8351084866542124 4,491533398470034 -67,4691225603963 322,1506060581396 -21,910626503342147 125,61148755573934 925526,9134078334
0,43022010048609344 1,231609088623244 1,3689930274290394 -41,36955375877838 433,60446781214006 -18,72127416750764 117,86890821612782 1373046,6712420483
0,3982595438556201 1,575109054034153 2,509719295086958 -42,58442177587886 328,80913448881 -14,945339299431133 174,21148580357612 1473218,5486175811
0,42833583605681935 1,1750214091023248 1,3195176595745703 -38,569513878040524 414,018765856037 -17,194151445245524 101,83424156663936 1500475,0084826811
0,744763560531971 1,4667858222796524 2,38483750426544 -50,89397388774995 430,49972538554687 -29,209434152852115 242,34845221038307 1531477,9237631124
0,6845829767122796 1,7404176179993356 1,8199534678722284 -26,915769332951584 364,83679345904994 -15,464713365974273 216,81457892650423 1702741,5576341012
0,4757845509997066 1,4232820082481554 3,6124576952952343 -64,10592859376624 319,10126869220875 -13,494178743765001 53,11266390570999 1855917,794130712
0,10572011639086247 1,6055057315230647 4,001750047921501 -60,90002345289697 274,7833056010385 -19,20374996649109 104,10357780048886 2011815,6887117424
0,12789350077549805 1,2076684888583198 2,3717982537879374 -41,28433522729698 250,6651880561437 -13,005921658064487 151,99388449951357 2091546,6758721254
0,7561906233500436 1,7509017057351248 5          -58,873723557640034 393,5526170443632 -20,683166366079934 236,889647983918 3226469,4507965627
0,40775100376099727 1,487081435162362 2,4568796008022096 -37,37295055693476 293,87397652109155 -12,052670039658803 143,15981906497865 3333582,219990771
0,7994899140389203 1,554165112991172 2,310381776716728 -62,09138419067191 296,0730371913972 -20,255724224807942 239,7859775686213 3659085,8015067503
0,39981417883142956 1,175690608723997 2,1253706546796836 -67,93376448418037 255,46589389428092 -26,71588544855734 79,02395972504657 3764538,0086683487
